2026-09-04 13:50:53
5
0
40
5133886
17371395
2018-07-27 15:43:17
------
------
"Undefined-----------"
2026-03-27 09:29:14
2
0
------
3789
3790
3790
3788
3790
23.62
------
------
------
------
------
------
------
------
------
------
2018-12-29 15:43:17
2026-03-19 15:43:17
2026-03-26 15:43:17
1970-01-01 00:00:00
2799
618033
10171398
81
6
75
68
49:22:24
10048:29:39
0
5
8
3
0
35
1
11146
8972
5965
3545
2494
1799
1930
1095
814
531
253
88
24
12
5
2
2
1
0
0
6415
5455
5021
4318
3159
2308
2167
1966
1479
1022
885
689
911
833
633
404
218
156
91
71
57
45
34
39
16
31
33
26
31
26
27
25
11
13
7
6
5
6
5
34
13
24
14
16
14
0
2
0
2
77
0
0
0
0
13
45
11
5
3
0
4
0
0
0
0
0
4
62
8
5
0
0
2
0
1
1
2
1
0
0
0
0
0
0
0
0
0
0
1
14
13
36
2
0
1
0
0
0
0
0
0
0
10
3
4
0
2
0
0
0
0
0
1
1
54
135
119
23
4
0
