2026-09-04 13:36:46
5
0
38
4769289
17371395
2018-08-28 16:23:19
------
------
"Undefined-----------"
2026-04-21 23:22:25
2
0
------
4130
4128
4135
4135
4139
22.5
------
------
------
------
------
------
------
------
------
------
2018-12-29 16:23:19
2026-04-12 16:23:19
2026-04-21 16:23:19
1970-01-01 00:00:00
2793
344725
5629771
100
4
96
73
36:19:48
8126:01:54
0
1
22
1
0
59
1
5317
6388
3894
2729
1733
926
737
442
277
152
78
23
9
2
3
1
0
0
0
0
1953
4156
3777
2919
2176
1586
1224
1045
684
508
499
390
537
407
278
149
78
44
31
25
18
24
24
27
14
15
27
13
18
15
9
10
7
5
1
5
2
2
1
8
17
24
19
11
29
1
0
0
0
99
0
0
0
1
21
61
13
3
1
0
0
0
0
0
0
0
8
86
5
1
0
0
0
0
0
0
0
1
0
1
0
0
0
0
0
0
0
0
6
35
28
5
1
0
0
0
0
0
0
0
0
0
9
6
2
2
1
1
0
0
1
0
1
1
74
97
101
38
2
0
