2026-09-04 13:19:01
6
0
424
6278308
16777753
2024-04-22 23:57:52
2024-09-07 23:57:52
2026-07-07 23:57:52
"Undefined-----------"
2026-07-10 22:58:46
2
0
65539
3994
3993
3981
3986
4003
23.53
692
------
17745
------
------
13107
941
6020
269810
------
2024-09-07 23:57:52
2026-07-07 23:57:52
2026-07-09 23:57:52
1970-01-01 00:00:00
670
77893
1342915
21
2
19
12
8:30:18
1488:20:00
0
0
1
0
0
3
0
452
877
658
443
275
162
205
82
41
91
249
108
3
0
0
0
0
0
0
0
171
308
438
460
459
295
228
244
203
109
46
32
43
59
108
121
137
92
32
15
10
4
5
5
3
2
4
1
65281
65535
65535
65535
65535
65535
65535
65535
65535
65535
65535
65535
65535
65535
65535
65535
65535
65535
65535
65535
65535
65535
65535
65535
65535
65535
65535
65535
65535
65535
65535
65535
65535
65535
65535
65535
65535
65535
65535
65535
65535
65535
65535
65535
65535
65535
65535
65535
65535
65535
65535
65535
65535
65535
65535
65535
65535
65535
65535
65535
65535
65535
65535
65535
65535
65535
65535
65535
65535
65535
65535
65535
65535
65535
65535
65535
65535
65535
65535
65535
65535
65535
65535
65535
65535
65535
65535
65535
65535
65535
65535
65535
