2026-09-04 13:43:43
5
0
38
5950263
17371395
2020-05-21 14:48:21
------
------
"Undefined-----------"
2025-10-31 23:37:24
2
0
------
3960
3965
4027
4007
3998
24.14
------
------
------
------
------
------
------
------
------
------
2021-03-12 14:48:21
2025-06-08 14:48:21
2025-10-31 14:48:21
1970-01-01 00:00:00
1989
23089
395376
8
3
5
6
4:25:31
1220:09:55
0
1
1
0
0
1
0
575
504
366
139
61
56
36
40
12
3
0
0
0
0
0
1
0
0
0
0
274
275
239
337
192
50
38
21
36
32
33
39
44
46
41
28
25
17
7
5
0
3
1
0
2
2
1
0
0
1
0
0
0
0
0
1
1
1
0
1
4
0
2
1
1
1
0
0
0
7
0
0
0
0
3
5
0
0
0
0
0
0
0
0
0
0
1
7
0
0
0
0
0
0
1
1
1
0
0
0
0
0
0
0
0
0
0
0
1
0
1
2
1
0
0
0
0
0
0
0
0
0
0
1
0
0
1
0
0
0
0
0
0
0
4
25
21
10
1
3
