2026-09-04 13:32:00
5
0
40
4825661
17371395
2018-07-20 11:14:57
------
------
"Undefined-----------"
2026-03-14 22:46:39
2
0
------
4055
4054
4055
4057
4061
23.79
------
------
------
------
------
------
------
------
------
------
2018-12-28 11:14:57
2026-03-10 11:14:57
2026-03-14 11:14:57
1970-01-01 00:00:00
2794
565436
9499283
96
8
88
67
48:58:25
9196:19:41
0
2
7
3
0
22
0
12077
10050
5553
3411
1993
1182
1266
989
732
504
279
91
31
11
3
4
3
0
0
0
5995
7797
5344
4170
3076
2161
1639
1529
1084
827
686
593
656
610
516
394
237
151
120
95
70
59
39
35
23
35
34
25
33
25
24
16
9
15
6
5
8
3
7
28
7
18
28
15
28
0
0
1
1
94
0
0
0
1
5
68
14
6
2
0
0
0
0
0
0
0
0
81
11
4
0
0
0
0
0
3
0
0
0
0
0
0
1
0
0
0
0
0
7
6
30
18
2
4
1
0
0
0
0
0
0
0
17
2
5
0
0
1
0
0
1
0
0
2
64
115
111
43
2
0
