2026-09-04 13:53:35
5
0
38
4769294
17371395
2018-08-28 16:23:47
------
------
"Undefined-----------"
2026-04-22 19:26:38
2
0
------
3910
3905
3904
3905
3915
23.36
------
------
------
------
------
------
------
------
------
------
2018-12-29 16:23:47
2024-11-23 16:23:47
2026-04-22 16:23:47
1970-01-01 00:00:00
2794
358099
5924308
87
5
82
60
28:44:44
7746:09:12
0
3
13
8
0
57
1
10292
8015
3796
1765
1342
740
742
437
240
168
109
56
30
4
3
1
2
0
0
1
5082
6471
4150
3084
1858
1526
1233
863
659
501
381
304
374
274
252
182
124
83
60
50
36
27
24
22
22
14
24
9
9
12
4
6
4
2
4
5
1
1
1
5
12
26
22
8
19
0
1
4
3
79
0
0
1
0
25
43
11
3
0
4
0
0
0
0
0
0
5
77
1
1
0
3
0
0
4
0
0
1
0
0
0
0
0
0
0
0
0
0
6
28
29
1
0
0
0
0
0
0
0
0
0
0
6
3
2
1
2
0
0
1
0
0
0
0
63
87
94
37
0
1
