2026-09-04 13:23:43
5
0
40
5133836
17371395
2018-07-27 15:41:51
------
------
"Undefined-----------"
2026-03-20 10:19:57
2
0
------
4073
4074
4075
4072
4084
23.53
------
------
------
------
------
------
------
------
------
------
2018-12-29 15:41:51
2025-12-10 15:41:51
2026-03-19 15:41:51
1970-01-01 00:00:00
2792
334038
5575199
56
4
52
42
29:55:13
4435:35:50
0
0
2
2
0
5
0
4212
4015
2387
1818
1647
1099
1028
859
559
350
137
62
35
23
3
4
1
1
0
0
1890
2507
1705
1596
1330
1192
1181
1030
937
663
492
344
492
572
594
474
381
230
168
103
69
47
28
30
20
15
20
22
19
21
18
13
10
2
3
1
1
1
0
19
5
15
18
6
12
0
1
1
1
53
0
0
0
1
7
36
6
3
1
0
2
0
0
0
0
0
1
49
4
2
0
0
0
0
1
0
0
0
0
0
0
0
0
0
0
0
0
0
3
6
16
17
1
1
1
0
0
0
0
0
0
0
7
3
0
0
3
0
0
0
0
0
0
1
38
112
115
41
3
0
